Sector	Latitude	Longitude	Azimuth	LAC	CI	Keywords
1011	18.91472	72.81944	90	25003	1011	BSC01
1012	18.91472	72.81944	220	25003	1012	BSC01
1013	18.91472	72.81944	290	25003	1013	BSC01
1014	18.91472	72.81944	300	25003	1014	BSC01
1021	18.9238	72.832	350	25003	1021	BSC20
1022	18.9238	72.832	90	25003	1022	BSC20
1023	18.9238	72.832	190	25003	1023	BSC20
1031	18.9247	72.8222	140	25002	1031	BSC01
1032	18.9247	72.8222	270	25002	1032	BSC01
1033	18.9247	72.8222	355	25002	1033	BSC01
1041	18.9311	72.8306	10	25001	1041	BSC20
1042	18.9311	72.8306	120	25001	1042	BSC20
1043	18.9311	72.8306	200	25001	1043	BSC20
1051	18.94523	72.83499	40	27011	1051	BSC11
1052	18.94523	72.83499	0	27011	1052	BSC11
1053	18.94523	72.83499	190	27011	1053	BSC11
1054	18.94523	72.83499	330	27011	1054	BSC11
1061	18.9403	72.8262	120	27027	1061	BSC15
1062	18.9403	72.8262	180	27027	1062	BSC15
1063	18.9403	72.8262	350	27027	1063	BSC15
1064	18.94171	72.82574	180	27027	1064	BSC15
1071	19.14933	72.83743	90	33003	1071	BSC63
1072	19.14933	72.83743	210	33003	1072	BSC63
1073	19.14933	72.83743	330	33003	1073	BSC63
1091	18.93093	72.83103	0	25001	1091	BSC20
1101	18.9616	72.8359	90	27011	1101	BSC11
1103	18.9616	72.8359	330	27011	1103	BSC11
1111	18.9619	72.8239	90	27003	1111	BSC43
1112	18.9619	72.8239	225	27003	1112	BSC43
1113	18.9619	72.8239	355	27003	1113	BSC43
1131	19.16694	73.04497	30	17010	1131	BSC24
1132	19.16694	73.04497	180	17010	1132	BSC24
1151	18.9714	72.8336	90	27055	1151	BSC02
1152	18.9714	72.8336	160	27055	1152	BSC02
1161	18.9719	72.8173	50	27051	1161	BSC43
1162	18.9719	72.8173	210	27051	1162	BSC43
1163	18.9719	72.8173	330	27051	1163	BSC43
1171	19.2724	72.878	30	21001	1171	BSC77
1172	19.2724	72.878	150	21001	1172	BSC77
1173	19.2724	72.878	270	21001	1173	BSC77
1192	18.9694	72.842	210	27911	1192	BSC70
1193	18.9694	72.842	340	27911	1193	BSC70
1221	19.2354	72.8593	50	21051	1221	BSC72
1222	19.2354	72.8593	120	21051	1222	BSC72
1223	19.2354	72.8593	210	21051	1223	BSC72
1231	19.0177	72.8586	40	27911	1231	BSC26
1232	19.0177	72.8586	200	27911	1232	BSC26
1233	19.0177	72.8586	330	27911	1233	BSC26
1241	18.9932	72.8449	90	27009	1241	BSC70
1242	18.9932	72.8449	210	27009	1242	BSC70
1243	18.9932	72.8449	330	27009	1243	BSC70
1251	19.0247	72.8397	355	25007	1251	BSC03
1252	19.0247	72.8397	95	25007	1252	BSC03
1253	19.0247	72.8397	195	25007	1253	BSC03
1261	19.00249	72.83898	120	27009	1261	BSC70
1262	19.00249	72.83898	210	27009	1262	BSC70
1263	19.00249	72.83898	330	27009	1263	BSC70
1271	19.2608	72.8625	10	21051	1271	BSC72
1272	19.2608	72.8625	110	21051	1272	BSC72
1273	19.2608	72.8625	250	21051	1273	BSC72
1291	19.0169	72.8323	90	25007	1291	BSC03
1292	19.0169	72.8323	210	25007	1292	BSC03
1293	19.0169	72.8323	330	25007	1293	BSC03
1301	19.0282	72.8582	310	27911	1301	BSC18
1302	19.0282	72.8582	130	27911	1302	BSC18
1303	19.0282	72.8582	210	27911	1303	BSC18
1311	19.0349	72.8438	30	27057	1311	BSC74
1312	19.0349	72.8438	120	27057	1312	BSC74
1313	19.0349	72.8438	310	27057	1313	BSC74
1321	19.00922	72.85482	0	27911	1321	BSC26
1322	19.00922	72.85482	0	27911	1322	BSC26
1332	19.0534	72.878	215	28908	1332	BSC80
1351	19.0439	72.9257	60	16007	1351	BSC35
1352	19.0439	72.9257	180	16007	1352	BSC35
1353	19.0439	72.9257	250	16007	1353	BSC35
1361	19.0652	72.8753	75	28910	1361	BSC80
1362	19.0652	72.8753	105	28910	1362	BSC80
1363	19.0652	72.8753	340	28910	1363	BSC80
1371	19.0848	72.8883	90	15051	1371	BSC71
1372	19.0848	72.8883	210	15051	1372	BSC71
1382	19.0672	72.8997	210	28008	1382	BSC17
1383	19.0672	72.8997	330	28008	1383	BSC17
1391	19.11351	72.91164	0	28005	1391	BSC47
1392	19.11351	72.91164	280	28005	1392	BSC47
1401	19.0899	72.9153	90	28018	1401	BSC67
1402	19.0899	72.9153	210	28018	1402	BSC67
1403	19.0899	72.9153	320	28018	1403	BSC67
1411	19.11122	72.926	70	28018	1411	BSC67
1412	19.11122	72.926	210	28018	1412	BSC67
1413	19.11122	72.926	350	28018	1413	BSC67
1432	19.1464	72.94708	210	28011	1432	BSC62
1433	19.1464	72.94708	330	28011	1433	BSC62
1441	19.1739	72.9575	65	28009	1441	BSC55
1442	19.1739	72.9575	210	28009	1442	BSC55
1443	19.1739	72.9575	0	28009	1443	BSC55
1444	19.1739	72.9575	345	28009	1444	BSC55
1451	19.1751	72.9437	90	28002	1451	BSC28
1452	19.1751	72.9437	210	28002	1452	BSC28
1453	19.1751	72.9437	330	28002	1453	BSC28
1461	19.3028	72.8503	100	21004	1461	BSC45
1462	19.3028	72.8503	140	21004	1462	BSC45
1471	19.0564	72.8365	20	27504	1471	BSC61
1472	19.0564	72.8365	220	27504	1472	BSC61
1473	19.0564	72.8365	325	27504	1473	BSC61
1491	19.0694	72.8327	40	27015	1491	BSC38
1492	19.0694	72.8327	133	27015	1492	BSC38
1493	19.0694	72.8327	210	27015	1493	BSC38
1494	19.0694	72.8327	295	27015	1494	BSC38
1501	19.16571	72.99064	150	28019	1501	BSC75
1502	19.16571	72.99064	270	28019	1502	BSC75
1503	19.16571	72.99064	340	28019	1503	BSC75
1511	19.1358	72.8539	80	27158	1511	BSC50
1512	19.1358	72.8539	235	27158	1512	BSC50
1513	19.1358	72.8539	340	27158	1513	BSC50
1521	19.22735	72.99688	100	28003	1521	BSC69
1522	19.22735	72.99688	190	28003	1522	BSC69
1531	18.98617	72.8159	200	25011	1531	BSC08
1532	18.98617	72.8159	0	25011	1532	BSC08
1541	19.081	72.838	90	27112	1541	BSC21
1542	19.081	72.838	210	27112	1542	BSC21
1543	19.081	72.838	330	27112	1543	BSC21
1551	19.2091	72.8724	55	33001	1551	BSC41
1552	19.2091	72.8724	155	33001	1552	BSC41
1553	19.2091	72.8724	265	33001	1553	BSC41
1571	19.16242	72.93794	120	28002	1571	BSC28
1572	19.16242	72.93794	190	28002	1572	BSC28
1573	19.16242	72.93794	320	28002	1573	BSC28
1582	19.12321	72.91471	225	28005	1582	BSC47
1583	19.12321	72.91471	290	28005	1583	BSC47
1591	19.1966	72.8077	70	22001	1591	BSC30
1592	19.1966	72.8077	145	22001	1592	BSC30
1593	19.1966	72.8077	230	22001	1593	BSC30
1594	19.1966	72.8077	260	22001	1594	BSC30
1601	18.9501	72.8288	60	27001	1601	BSC43
1602	18.9501	72.8288	160	27001	1602	BSC43
1603	18.9501	72.8288	210	27001	1603	BSC43
1604	18.9501	72.8288	0	27001	1604	BSC43
1611	19.2392	72.8631	40	21051	1611	BSC78
1612	19.2392	72.8631	160	21051	1612	BSC78
1613	19.2392	72.8631	300	21051	1613	BSC78
1621	18.98507	72.81548	0	25011	1621	BSC08
1622	18.98507	72.81548	0	25011	1622	BSC08
1641	19.06508	72.84471	40	27504	1641	BSC61
1642	19.06508	72.84471	180	27504	1642	BSC61
1643	19.06508	72.84471	300	27504	1643	BSC61
1661	18.9948	72.8285	120	27055	1661	BSC40
1662	18.9948	72.8285	160	27055	1662	BSC40
1663	18.9948	72.8285	320	27055	1663	BSC40
1671	18.952	72.8368	0	27012	1671	BSC11
1681	19.2236	72.9665	40	28003	1681	BSC69
1682	19.2236	72.9665	110	28003	1682	BSC69
1683	19.2236	72.9665	280	28003	1683	BSC69
1691	18.93445	72.83818	75	25001	1691	BSC20
1692	18.93445	72.83818	230	25001	1692	BSC20
1693	18.93445	72.83818	315	25001	1693	BSC20
1701	19.0193	72.8425	195	27055	1701	BSCSUN1
1702	19.0193	72.8425	280	27055	1702	BSCSUN1
1703	19.0193	72.8425	50	27055	1703	BSCSUN1
1704	19.0193	72.8425	50	27055	1704	BSCSUN1
1711	19.1347	72.8142	90	33008	1711	BSC63
1712	19.1347	72.8142	210	33008	1712	BSC63
1713	19.1347	72.8142	330	33008	1713	BSC63
1721	19.1359	72.8474	130	18009	1721	BSC29
1722	19.1359	72.8474	244	18009	1722	BSC29
1723	19.1359	72.8474	345	18009	1723	BSC29
1731	19.0659	72.8249	90	27015	1731	BSC38
1732	19.0659	72.8249	180	27015	1732	BSC38
1733	19.0659	72.8249	355	27015	1733	BSC38
1751	18.9386	72.829	130	27027	1751	BSC15
1752	18.9386	72.829	180	27027	1752	BSC15
1753	18.9386	72.829	340	27027	1753	BSC15
1781	18.9557	72.8272	90	27003	1781	BSC43
1782	18.9557	72.8272	250	27003	1782	BSC43
1783	18.9557	72.8272	330	27003	1783	BSC43
1791	18.9697	72.8095	90	25011	1791	BSC08
1792	18.9697	72.8095	210	25011	1792	BSC08
1793	18.9697	72.8095	330	25011	1793	BSC08
1801	19.173917	73.021406	30	17010	1801	BSC24
1802	19.173917	73.021406	100	17010	1802	BSC24
1803	19.173917	73.021406	300	17010	1803	BSC24
1811	19.0907	72.8331	85	27112	1811	BSC51
1812	19.0907	72.8331	160	27112	1812	BSC51
1813	19.0907	72.8331	230	27112	1813	BSC51
1821	19.1272	72.8619	75	33006	1821	BSC50
1822	19.1272	72.8619	235	33006	1822	BSC50
1823	19.1272	72.8619	335	33006	1823	BSC50
1841	19.0318	72.9077	220	28908	1841	BSC35
1842	19.0318	72.9077	310	28908	1842	BSC35
1851	19.1133	72.8524	105	18051	1851	BSC22
1852	19.1133	72.8524	150	18051	1852	BSC22
1853	19.1133	72.8524	330	18051	1853	BSC22